001
002
004
008
014
015
018
034
035
044
056
057
060
061
062
063
074
075
076
160
161
169
178
180
201
203
204
220
229
267
268
269
278
125
011
017
055
003
005
007
013
051
116
141
143
146
147
148
149
150
151
153
154
157
158
159
164
165
166
167
172
177
181
182
183
184
186
187
188
109
112
114
115
173
185
006
012
041
042
046
052
053
054
069
070
071
072
073
100
101
108
110
111
144
145
155
156
174
191
192
193
194
064
065
066
009
025
026
027
028
029
030
031
033
038
039
040
047
048
058
059
077
078
079
080
081
082
084
085
086
089
090
092
093
094
095
127
128
130
135
048
050
091
113
129
131
132
133
083
021
032
045
067
068
096
097
098
099
102
103
104
105
106
107
117
118
119
120
121
122
123
124
134
142
163
170
175
196
197
207
230
231
232
233
234
235
236
237
238
239
168
171
205
189
195
209
210
211
212
213
214
215
206
010
016
019
020
022
023
024
036
037
043
049
087
088
126
136
137
138
139
140
152
162